285 268 226 296 296
278 249 221 297 321
266 250 220 317 279
291 270 228 295 299
279 284 235 305 305
285 287 230 288 308
302 262 236 313 290
279 279 239 286 318
287 265 233 289 308
275 284 237 288 304
300 273 218 284 303
296 277 233 295 298
278 249 212 311 299
282 268 236 284 307
274 275 239 301 309
287 254 231 294 304
276 251 244 316 282
275 238 244 290 309
277 252 242 294 303
280 252 268 274 298
271 251 251 286 316
272 261 246 285 308
284 249 243 298 300
282 251 247 281 305
277 250 259 287 294
276 273 256 283 295
270 264 266 298 295
276 272 250 282 304
281 253 263 285 294
274 271 258 300 301
274 251 248 294 308
302 281 250 264 312
286 256 260 282 292
296 259 278 266 284
312 282 227 278 289
297 260 240 289 302
297 264 237 285 300
284 258 245 278 312
282 277 240 286 303
295 270 261 278 309
289 271 257 292 303
294 279 247 278 306
285 272 246 273 309
283 272 240 282 299
301 268 265 285 283
309 271 259 289 291
295 278 268 264 284
306 279 265 285 282
275 301 267 289 277
282 293 259 258 295
276 293 258 279 298
291 286 258 274 304
291 283 265 276 298
304 283 263 281 304
287 286 264 267 298
283 286 253 281 296
283 287 265 279 307
290 291 252 280 308
279 289 258 281 299
288 296 256 258 290
284 296 280 279 291
279 297 266 280 289
291 292 278 290 286
290 292 274 290 291
280 296 264 279 295
275 285 265 292 288
282 296 264 303 281
281 301 250 292 281
282 302 254 290 277
273 305 258 297 282
279 293 247 299 287
283 296 244 316 263
279 297 248 305 272
279 291 258 306 271
283 301 254 294 279
304 280 252 294 274
298 279 252 311 292
293 287 248 296 288
287 283 256 304 286
298 284 257 313 276
283 297 241 284 298
279 296 244 289 296
283 288 241 281 299
284 291 245 296 287
283 298 252 292 291
286 294 253 291 292
272 304 260 295 295
288 295 252 293 287
281 287 254 296 298
305 296 252 278 276
305 293 264 282 287
298 303 248 287 296
314 298 249 291 285
293 299 269 302 286
294 303 258 283 277
299 300 261 278 283
300 279 248 286 287
295 283 252 287 285
299 282 252 284 293
295 270 265 297 280
305 272 256 289 281
300 279 250 289 277
294 288 255 295 295
289 299 245 265 299
298 297 250 270 285
307 302 248 272 289
306 293 251 270 300
277 300 229 289 287
295 314 239 269 287
285 305 235 250 293
274 304 260 284 280
279 308 259 273 275
274 305 253 282 274
282 308 263 271 283
270 306 249 277 302
272 305 259 280 271
276 305 258 272 279
264 309 265 276 278
279 312 258 269 293
276 297 249 268 304
262 301 271 271 281
278 300 259 281 289
264 304 264 277 291
281 315 228 265 280
270 312 228 279 278
277 313 231 273 277
278 307 236 276 280
287 304 261 264 270
268 311 251 278 269
280 304 246 278 282
268 321 252 272 283
269 319 247 274 275
273 316 242 277 284
282 311 239 283 270
269 313 250 284 283
297 280 274 277 260
303 279 258 298 265
285 272 279 287 269
269 303 269 291 267
304 285 262 292 266
260 275 248 283 303
258 280 244 283 305
240 271 248 300 310
255 283 242 306 309
250 252 230 303 311
254 276 234 297 312
248 273 243 285 307
261 278 244 290 303
254 267 243 276 314
254 250 246 290 312
256 263 249 278 312
254 292 237 303 310
252 256 253 281 320
258 271 250 291 309
252 284 233 286 311
260 287 234 270 320
262 280 237 265 312
267 298 232 291 306
254 294 245 272 309
259 288 242 282 314
252 296 248 277 306
230 269 261 282 308
231 298 254 281 300
252 293 242 283 300
243 277 283 261 275
258 264 281 272 277
277 248 284 260 291
272 279 274 267 292
254 276 281 282 302
255 284 268 267 296
260 267 271 283 293
260 277 277 267 299
262 269 279 286 289
259 287 249 260 310
265 292 266 266 294
249 308 241 247 312
247 305 265 261 286
261 292 251 276 305
263 294 261 279 303
264 289 268 271 294
277 286 242 262 311
258 288 247 262 310
262 292 265 267 303
268 291 266 276 309
269 293 263 247 298
266 264 253 283 305
265 280 246 269 310
277 271 271 282 300
265 263 258 287 302
259 256 262 291 300
275 278 255 282 296
265 265 249 264 313
272 273 261 280 310
268 279 254 263 310
262 266 252 285 307
259 250 257 275 312
269 280 266 273 298
266 288 265 281 302
265 261 249 274 315
255 276 256 282 298
280 265 272 307 275
271 273 270 297 284
249 321 224 280 270
244 322 229 301 279
258 315 234 279 279
284 305 255 297 270
276 302 253 303 283
276 312 248 296 273
267 307 246 299 274
266 305 267 287 266
267 313 258 311 271
273 299 265 312 267
262 308 250 301 279
263 304 242 302 274
266 300 237 312 272
272 293 259 300 293
273 298 258 308 275
257 291 256 309 288
259 295 269 290 287
248 294 263 285 288
241 293 258 310 289
238 285 260 304 279
255 300 252 304 274
256 294 251 306 276
244 292 247 309 293
264 290 261 297 295
250 292 251 303 303
254 295 255 308 282
243 294 267 287 289
261 307 247 279 285
253 307 250 273 284
257 302 264 283 277
259 313 263 284 283
262 306 253 282 278
244 307 261 282 293
243 310 258 280 285
255 293 253 286 296
261 307 252 284 277
241 307 259 290 266
247 321 256 289 272
255 320 252 295 273
243 311 252 314 291
262 291 238 302 306
267 301 241 303 286
256 295 239 299 300
269 304 236 299 296
258 311 248 308 299
278 297 247 306 298
268 273 263 295 296
273 282 258 302 295
253 285 265 295 306
272 286 255 299 300
258 276 264 293 293
259 277 246 305 302
267 289 262 283 294
264 268 267 303 273
264 264 237 317 284
253 271 251 321 266
255 261 266 305 286
278 284 262 315 284
257 279 237 317 276
255 267 256 319 274
280 276 257 314 288
279 289 229 316 268
267 272 263 315 266
261 288 241 327 275
271 285 251 319 270
275 288 239 308 280
300 274 248 310 230
299 263 249 303 255
273 247 245 317 273
280 263 246 316 244
321 254 234 260 277
314 252 250 268 275
316 270 253 268 262
301 258 253 292 283
304 241 240 297 276
313 274 255 284 271
308 270 263 271 264
309 243 244 298 271
310 258 260 286 261
312 257 259 281 254
298 250 261 291 269
302 263 265 287 264
294 243 261 290 282
297 262 259 292 276
272 248 281 283 268
257 269 275 298 251
298 249 272 290 263
272 239 276 291 259
309 262 260 245 246
318 263 250 244 271
312 277 252 273 234
310 276 251 296 246
317 268 230 271 248
306 270 250 296 259
250 266 226 273 320
267 257 236 273 323
275 236 245 284 305
293 255 260 257 314
268 248 243 264 317
301 234 237 273 310
260 232 230 268 325
254 227 240 251 320
258 283 275 294 257
280 299 272 301 257
279 291 270 291 263
281 300 256 297 261
309 295 262 273 239
308 299 238 263 263
311 284 258 276 256
299 303 230 264 260
301 308 246 250 275
300 313 240 247 264
310 297 251 248 237
301 296 253 259 246
298 296 264 251 274
258 300 275 268 267
278 308 278 256 265
278 297 271 270 258
296 315 255 277 275
285 309 245 279 265
278 302 262 273 254
274 304 266 258 262
271 306 266 263 269
298 308 244 270 260
273 307 272 292 258
296 307 246 281 251
282 306 256 281 259
277 307 265 277 237
287 306 258 286 246
277 306 266 261 252
278 311 260 273 250
274 303 261 273 253
290 296 270 262 243
294 304 261 262 249
293 267 270 266 266
298 286 269 265 269
316 287 259 262 267
293 280 279 282 257
296 288 277 259 265
304 291 265 291 256
286 267 279 273 259
292 281 272 263 260
300 275 266 274 256
304 265 281 254 266
298 272 279 269 265
302 272 269 265 261
310 291 256 275 269
267 300 271 267 271
266 267 290 264 242
275 306 272 259 251
263 284 284 277 258
257 290 284 266 271
280 278 285 258 269
256 330 246 248 267
275 327 242 271 241
265 310 267 270 231
265 315 255 282 251
267 316 243 281 245
262 309 270 243 271
259 305 273 262 273
264 310 264 260 265
244 311 268 297 256
256 309 275 291 260
264 320 262 289 262
248 316 269 278 253
240 304 259 305 246
267 320 233 277 262
245 325 248 272 259
248 321 243 273 260
275 317 253 267 263
243 324 258 275 272
275 319 246 263 257
271 323 242 273 258
268 318 250 273 262
245 326 242 266 270
251 314 256 271 265
274 317 243 272 255
