274 284 266 273 268 286 344 258
263 320 237 278 311 255 303 261
281 266 276 302 282 297 292 330
324 253 248 334 311 308 294 297
315 258 256 327 311 298 291 311
333 272 259 304 281 315 270 293
333 276 257 302 274 312 278 292
313 273 254 297 297 294 265 337
292 271 285 313 291 330 290 316
318 262 280 314 298 327 285 316
311 274 258 305 306 325 283 317
342 281 272 309 287 299 283 302
335 265 262 304 288 292 280 315
337 267 254 308 284 310 286 315
325 288 276 329 308 296 278 327
297 273 239 326 284 314 291 311
308 277 264 324 284 301 283 304
315 266 262 325 302 284 287 325
310 270 261 317 277 309 273 325
316 262 260 322 285 303 279 313
316 269 264 322 310 312 276 293
311 312 284 289 325 307 281 269
301 287 274 321 309 301 318 278
286 305 267 321 309 299 310 290
297 295 272 323 324 297 295 288
307 301 267 318 320 282 291 293
319 278 279 319 316 273 283 282
299 304 264 312 315 291 289 299
311 291 282 330 307 290 302 291
293 310 268 317 318 302 258 280
315 302 276 301 324 297 273 289
296 305 277 321 292 301 256 289
290 309 261 289 321 288 321 294
294 271 279 326 323 284 307 279
299 283 287 327 315 299 308 278
302 293 276 331 309 308 311 280
290 304 275 298 311 293 277 295
305 312 290 304 296 300 281 284
284 319 273 296 304 291 294 287
300 299 287 288 305 290 299 292
304 304 274 296 308 294 297 286
311 285 260 334 334 296 277 280
313 274 280 329 321 294 286 273
299 271 276 334 308 318 297 253
305 299 264 326 305 318 284 275
325 296 287 316 294 309 285 271
303 296 288 323 316 293 278 270
314 284 274 321 308 327 279 263
301 303 262 298 304 319 292 278
306 292 264 303 327 327 288 279
291 294 283 306 322 321 295 276
300 297 293 299 318 319 292 285
292 304 271 313 313 313 286 287
311 317 278 318 326 321 324 275
313 311 273 293 319 299 304 286
298 296 285 289 305 312 298 287
307 261 278 323 346 288 287 288
323 269 274 326 333 292 303 288
326 269 280 323 318 303 286 301
312 265 281 327 320 289 284 294
322 264 289 325 330 301 290 295
303 266 302 322 324 298 273 270
307 258 286 315 316 312 297 297
330 274 290 285 294 309 277 298
306 298 291 286 332 312 259 300
327 282 272 277 298 315 278 304
301 282 283 300 325 316 274 298
301 298 297 297 307 298 275 301
321 303 265 293 324 318 280 281
326 286 271 285 324 311 274 300
321 290 290 280 310 325 301 295
310 288 286 313 312 314 280 293
307 293 273 307 323 317 277 295
299 286 288 293 319 320 293 301
319 285 269 297 329 319 278 308
317 275 282 290 348 316 283 299
318 289 271 307 343 324 274 286
325 272 290 304 320 314 303 307
316 280 286 291 320 303 301 311
327 271 286 306 332 304 311 299
310 270 277 303 329 334 299 299
323 271 275 299 333 306 307 297
321 262 286 296 335 332 281 314
299 272 292 304 319 310 289 313
341 274 275 295 288 318 290 269
326 279 274 288 311 314 282 288
329 285 276 306 312 309 298 283
331 275 288 294 304 288 288 283
345 272 266 311 303 311 286 292
329 280 286 311 333 278 276 276
314 302 286 286 315 279 282 287
309 299 299 308 308 299 286 279
326 272 283 318 313 285 273 279
310 281 302 305 322 293 282 302
329 298 301 312 331 305 318 297
322 284 298 302 327 312 303 296
324 285 296 305 327 311 327 290
323 274 298 312 336 327 303 298
330 270 290 299 323 303 286 251
331 266 276 307 317 325 288 282
327 262 277 290 310 326 293 285
300 278 287 298 339 317 299 287
303 277 299 300 317 314 297 282
299 276 304 288 292 323 308 282
325 290 291 302 335 293 277 274
316 289 287 306 336 295 292 286
341 294 284 315 327 300 301 275
315 287 299 319 320 307 288 281
317 288 288 286 311 323 324 289
320 290 279 298 326 308 317 285
321 280 287 304 318 318 306 285
310 298 284 301 328 308 303 294
306 286 290 303 328 320 302 290
304 296 285 299 318 307 307 290
310 290 292 297 316 325 301 296
333 258 297 294 325 315 285 292
318 259 296 317 311 295 306 287
307 276 291 315 326 324 308 285
317 265 266 317 335 329 301 281
313 283 275 306 334 329 307 275
311 277 293 319 311 304 305 289
325 275 281 308 312 307 309 280
316 269 284 319 339 322 306 282
322 276 270 299 318 320 317 276
330 275 287 307 307 323 306 285
306 289 311 294 338 304 297 270
301 284 284 292 324 323 294 293
319 288 282 297 344 298 294 302
325 276 271 302 344 272 288 297
329 303 266 290 320 291 307 290
317 289 295 311 330 303 302 303
317 274 275 302 333 289 296 307
332 284 275 299 328 308 287 294
308 285 289 320 316 279 287 299
325 281 282 288 329 295 299 299
323 296 269 318 337 297 301 283
316 289 292 298 334 308 284 304
331 281 265 321 325 302 298 278
328 272 272 308 334 293 289 300
312 290 290 307 324 285 282 305
327 278 273 313 334 301 285 289
332 286 272 332 326 309 289 285
330 274 281 311 321 294 304 287
333 272 274 305 317 269 290 288
324 281 309 298 289 300 278 305
324 286 291 296 309 297 279 304
330 283 295 290 302 298 303 304
308 286 295 297 313 303 294 308
331 286 293 300 303 301 297 307
337 263 282 280 333 308 295 310
328 269 290 286 335 300 292 320
340 267 277 281 326 301 282 307
311 267 303 287 328 302 286 291
317 272 296 294 325 294 285 301
348 270 293 303 318 315 295 306
333 276 286 301 317 302 303 299
321 286 280 278 320 298 303 312
329 281 290 279 312 300 285 300
322 312 268 306 337 307 290 309
305 301 270 300 343 304 293 310
318 301 268 292 340 318 304 314
309 286 257 311 341 307 298 314
330 267 248 298 332 332 289 307
314 287 262 303 338 317 314 312
300 288 276 308 337 328 292 310
306 272 270 297 329 317 306 326
343 289 278 293 322 313 302 313
297 284 281 319 340 316 279 320
309 285 269 301 320 307 283 306
318 283 270 291 335 315 288 312
333 285 285 306 316 307 295 318
332 268 285 321 344 323 306 320
324 291 285 318 328 321 309 297
316 283 276 335 314 298 289 319
322 286 288 320 312 304 300 319
330 265 288 327 316 308 311 304
311 278 283 331 304 291 301 293
314 273 289 312 311 312 315 295
315 266 277 325 308 300 321 294
306 281 289 334 315 311 310 305
310 278 284 322 307 304 321 315
317 270 278 317 313 304 316 309
331 264 277 314 302 306 308 305
326 274 275 321 301 282 315 302
320 273 274 315 318 297 314 300
321 281 283 303 312 299 310 301
313 283 289 305 294 298 312 307
325 270 273 307 310 295 319 298
318 271 287 312 324 304 305 313
313 271 293 306 320 311 300 311
326 274 295 319 311 325 306 305
319 269 286 312 310 313 293 316
310 279 297 321 288 305 313 310
305 275 277 324 280 299 319 319
313 278 258 329 312 279 303 304
290 270 269 326 299 302 314 310
308 270 262 322 308 304 299 306
295 294 274 326 289 290 322 307
286 283 265 309 321 305 304 314
293 294 271 321 310 289 308 290
307 274 271 324 305 314 305 300
300 291 279 325 304 291 312 294
296 275 276 309 316 299 305 318
305 272 266 319 313 309 317 320
291 260 273 304 315 313 292 323
311 276 277 318 315 315 312 304
308 282 277 316 320 316 293 320
311 285 278 316 326 306 287 314
302 278 281 321 324 308 299 309
303 279 268 325 320 295 324 291
303 281 268 320 308 295 331 308
318 270 267 334 308 287 325 291
301 274 262 325 298 303 319 307
309 273 275 327 304 301 315 282
299 269 264 333 306 309 313 295
309 275 282 314 326 294 312 300
292 274 271 339 321 289 301 321
304 279 274 343 314 292 293 287
305 279 273 325 308 289 308 308
305 270 271 324 323 296 302 308
309 287 275 323 327 294 302 311
314 271 273 327 319 295 290 292
295 276 280 336 321 296 303 296
311 282 280 317 319 290 298 307
308 282 279 320 324 297 297 294
284 277 280 312 329 318 301 296
280 277 274 319 323 314 299 303
288 282 270 321 311 307 314 303
289 277 272 313 301 317 289 313
312 274 267 320 336 287 296 314
298 289 233 322 316 306 300 314
330 278 247 320 303 293 305 310
306 292 251 320 330 306 301 312
310 287 250 308 317 307 288 309
317 290 264 308 326 287 311 314
324 282 256 302 319 304 303 313
323 283 256 305 332 298 294 298
323 286 270 320 322 299 302 313
322 271 265 308 315 302 293 307
308 268 247 297 308 304 304 329
310 273 254 325 326 293 298 300
316 267 261 302 330 307 314 317
331 278 273 309 313 293 291 319
304 277 246 311 312 308 296 311
323 275 254 288 325 299 302 315
310 290 256 297 321 308 312 311
326 272 292 297 310 304 312 318
321 275 289 306 312 303 301 309
315 288 290 294 317 297 295 318
306 303 296 321 311 293 278 300
297 298 277 319 324 288 294 303
303 303 278 319 315 298 284 311
291 292 281 317 304 307 281 319
310 289 282 311 313 305 281 324
290 296 272 314 318 291 293 305
321 279 286 304 313 290 300 328
316 288 268 302 307 294 295 320
307 279 274 299 313 302 303 320
320 284 283 312 331 293 315 327
313 285 276 316 315 290 308 302
311 292 271 295 310 286 299 311
303 287 282 305 313 295 307 302
292 290 277 292 310 299 302 320
316 307 276 283 327 297 295 309
304 291 285 298 325 302 296 314
314 281 282 291 306 294 325 303
316 291 279 306 307 299 307 299
320 284 278 306 309 295 320 313
313 301 281 294 316 310 316 310
295 309 275 298 300 288 320 312
296 293 257 314 311 283 307 305
306 301 273 296 309 292 320 299
320 287 259 297 302 270 312 299
307 300 279 315 301 289 312 307
298 318 265 308 310 294 303 305
299 303 271 308 311 292 297 298
308 308 285 296 293 276 299 295
302 296 283 290 298 286 298 300
306 292 280 299 307 288 291 300
297 305 276 289 296 282 305 305
297 309 274 312 305 291 303 313
301 308 268 314 312 293 302 305
290 306 268 306 301 285 312 297
319 306 274 306 316 281 294 302
306 291 280 311 308 284 292 300
313 305 267 315 308 288 304 296
286 289 278 319 300 286 317 311
287 273 286 292 291 294 300 324
292 279 267 302 310 304 305 324
315 278 291 280 293 296 296 325
319 300 300 285 307 302 308 314
320 275 278 314 312 338 304 308
301 293 284 321 295 327 325 312
312 301 255 306 288 308 304 300
316 285 253 305 292 300 306 309
299 298 286 293 304 309 294 299
306 293 270 295 304 303 291 315
307 290 271 297 293 310 293 302
317 287 271 300 298 317 286 320
298 286 300 299 301 316 291 313
299 295 288 307 309 317 296 296
314 288 282 298 292 304 285 302
302 304 282 297 308 315 278 314
310 281 289 298 301 307 302 312
304 300 269 288 310 312 300 303
312 303 285 301 309 306 299 299
320 299 278 293 302 304 292 305
309 289 268 296 297 307 310 302
301 286 280 300 310 319 318 299
319 283 277 313 294 309 325 307
321 277 278 304 297 312 309 313
298 277 258 291 301 317 311 313
301 297 274 296 299 319 323 300
313 284 275 311 307 306 304 324
323 276 288 298 299 330 304 304
312 274 282 303 309 326 308 305
315 277 287 304 308 320 293 305
301 281 279 306 315 335 297 305
301 270 281 304 307 329 291 322
311 274 271 294 321 316 306 310
314 269 279 302 324 321 295 312
313 282 285 291 318 328 303 306
319 283 270 320 295 314 294 295
328 286 274 302 300 313 299 291
313 281 280 317 304 314 288 299
316 284 282 315 297 323 300 293
323 294 290 315 301 315 296 298
303 278 280 269 309 323 304 319
303 282 283 289 311 325 301 312
307 278 275 279 298 322 293 312
319 265 280 330 339 314 315 309
315 266 270 315 335 301 307 300
303 280 268 333 334 312 293 312
299 301 276 288 330 313 318 296
301 273 275 310 319 326 310 291
314 283 268 297 317 310 318 292
315 281 273 304 313 302 318 307
318 293 267 297 317 311 315 294
305 283 266 299 305 311 328 308
307 283 261 310 312 318 318 310
316 280 278 321 313 316 319 287
307 283 280 313 314 326 318 297
307 282 252 310 339 312 289 304
317 275 244 315 320 325 283 291
292 282 251 307 321 315 290 311
309 288 266 306 312 331 310 292
310 285 269 307 327 322 323 292
308 280 256 306 309 324 305 300
315 285 280 293 321 300 314 304
293 295 272 317 326 317 323 309
301 303 269 329 315 306 333 296
297 287 253 331 318 317 328 307
284 290 257 324 319 310 311 310
279 293 268 336 317 314 301 293
293 273 259 324 315 310 317 308
310 292 269 300 328 307 294 299
316 285 279 307 319 309 296 308
312 284 258 313 326 315 307 304
314 290 276 313 324 304 312 282
311 277 266 307 321 319 301 300
317 296 275 325 323 306 298 294
317 284 266 307 331 300 297 298
316 288 281 313 326 305 314 294
319 281 268 323 308 323 301 281
288 265 260 334 314 294 312 280
314 264 266 328 285 322 320 264
338 271 240 295 293 303 289 285
328 277 258 310 305 311 265 265
311 281 269 309 295 325 299 271
331 272 265 307 280 299 304 283
303 278 264 310 307 330 277 276
331 278 261 315 308 287 289 288
291 279 263 319 275 294 334 259
307 286 290 286 290 302 274 317
311 277 292 294 305 287 282 312
310 288 281 305 311 286 288 305
324 279 266 299 296 296 289 319
324 281 290 302 306 306 285 325
304 269 265 311 322 302 279 325
306 273 262 293 323 303 284 323
314 261 267 280 297 289 284 329
292 270 277 295 329 313 290 315
305 275 281 297 325 304 292 315
307 277 272 290 321 301 292 314
307 267 268 287 326 298 294 321
304 265 290 299 319 293 284 316
319 277 272 286 330 300 284 310
296 264 282 297 307 294 285 326
321 269 267 295 313 292 277 326
311 281 265 295 310 303 275 320
320 276 270 285 333 293 290 314
310 272 262 283 326 296 265 319
308 281 260 288 322 302 265 323
292 294 252 280 307 275 301 321
305 281 255 310 338 289 281 320
310 289 239 294 310 279 297 326
312 301 278 301 312 281 277 312
305 296 285 301 319 285 288 317
319 300 272 305 325 276 278 304
323 277 258 308 316 285 293 316
317 274 280 314 327 286 293 321
304 274 277 328 276 290 309 309
307 265 303 305 282 294 306 307
301 283 289 328 287 291 295 314
297 287 283 317 299 285 289 298
287 268 271 335 304 302 309 278
291 271 259 340 289 300 301 292
290 262 280 324 288 319 299 280
324 283 300 291 288 307 286 296
304 285 290 296 288 313 313 289
286 261 293 344 295 302 301 288
306 267 295 326 291 287 298 289
291 262 291 320 301 300 293 300
311 266 295 326 306 303 303 293
301 255 301 313 291 300 307 306
285 283 279 324 309 295 286 305
283 290 288 327 295 284 304 289
304 276 283 335 291 275 308 253
323 269 302 310 294 304 280 280
309 277 287 320 303 307 279 297
319 279 278 322 299 308 289 283
317 263 279 316 281 327 290 295
323 264 285 329 307 300 289 295
317 290 288 324 287 296 287 284
302 291 279 328 283 321 301 287
304 270 253 302 342 327 275 306
307 305 288 279 329 291 276 260
293 308 293 290 299 274 304 268
314 277 291 285 343 328 291 285
335 270 287 284 328 298 302 270
303 283 300 291 351 296 279 267
317 291 287 286 314 317 294 280
297 308 279 270 313 309 312 279
327 290 300 302 325 318 265 283
341 285 291 269 301 310 300 253
291 302 286 285 306 279 318 254
299 293 310 289 316 290 296 271
331 292 294 280 334 311 304 299
333 270 309 290 343 285 303 279
302 307 280 278 283 285 295 271
319 284 285 274 351 308 278 277
309 285 295 296 300 308 275 293
296 292 303 283 316 304 297 294
308 277 312 285 326 284 300 279
308 281 304 269 328 292 277 290
289 283 315 286 322 274 284 287
281 268 323 275 335 267 283 263
319 269 308 276 332 286 291 282
303 271 313 293 303 283 274 295
320 259 301 268 303 292 289 308
310 276 288 273 322 313 292 311
295 276 287 274 313 295 285 323
323 262 266 266 350 285 246 284
312 279 293 282 330 311 293 298
335 276 273 287 326 292 274 296
323 294 276 272 337 292 257 269
312 282 299 286 336 289 282 292
323 291 282 272 339 294 299 296
311 292 296 275 332 268 290 270
294 305 289 240 303 255 302 302
299 307 282 283 307 303 297 283
291 305 288 286 314 278 290 271
311 306 290 304 327 288 270 287
288 302 288 284 340 310 287 289
328 298 294 296 336 288 299 278
304 294 303 289 304 285 295 287
292 302 284 292 310 274 290 298
307 309 274 275 294 273 285 281
307 299 298 293 308 271 305 281
298 309 281 277 321 308 286 289
324 272 297 268 310 296 279 311
327 284 288 270 300 286 299 310
327 294 277 273 323 295 286 300
334 272 290 265 306 276 290 307
317 296 289 269 324 292 286 302
327 282 285 281 318 286 274 312
310 305 299 276 322 296 290 302
317 305 278 274 334 273 282 296
326 264 289 261 329 288 303 306
332 273 297 279 320 274 278 294
284 292 297 267 315 279 299 316
293 284 280 256 325 283 297 332
312 302 279 282 336 300 292 311
297 263 260 294 276 329 297 309
300 270 261 299 306 315 340 297
310 261 266 325 297 316 331 287
295 255 265 325 302 289 321 298
286 249 277 299 314 310 342 277
302 243 279 301 306 302 342 308
299 243 265 296 308 282 349 303
290 274 283 300 304 321 340 299
283 243 284 319 284 303 333 285
296 241 302 313 311 305 345 292
309 248 279 284 317 315 333 297
293 263 285 326 287 320 307 277
307 252 275 326 296 311 327 283
329 270 281 306 299 320 335 299
330 251 292 311 305 302 327 273
330 261 277 290 319 292 337 307
311 253 282 319 297 299 324 319
305 244 279 307 299 282 317 323
318 252 273 302 310 301 334 314
309 247 288 313 311 301 325 299
292 249 297 325 284 296 315 317
333 255 280 321 313 321 315 314
334 255 280 297 314 338 286 317
315 265 278 291 307 327 292 311
326 260 291 304 315 329 294 292
317 263 293 307 321 325 302 320
327 259 270 320 295 311 311 331
314 259 294 291 329 317 317 312
336 263 279 307 330 300 306 324
329 247 266 298 307 316 311 316
301 261 276 297 322 328 303 323
323 255 289 308 322 309 300 322
313 263 273 308 301 299 308 324
309 244 291 311 305 325 316 298
289 246 297 301 299 327 312 315
312 247 273 317 322 318 307 313
318 244 278 307 299 316 293 327
323 258 272 298 320 298 312 305
310 265 276 282 327 311 316 321
312 272 258 293 337 330 315 313
330 263 271 291 324 313 309 293
303 232 285 321 306 306 305 325
293 253 252 331 327 297 309 313
297 253 266 335 316 303 308 305
292 251 257 332 309 303 311 311
318 261 270 334 311 303 315 300
298 245 275 338 284 294 295 298
307 245 281 325 302 291 311 305
306 249 273 313 314 284 321 317
308 242 289 330 316 310 287 286
324 261 255 295 292 335 284 294
334 264 275 299 298 328 305 294
306 254 280 318 327 307 323 298
308 258 276 317 311 316 317 294
324 267 284 311 318 312 317 291
296 251 285 303 327 335 310 307
305 248 277 297 302 327 312 308
307 258 267 306 314 329 306 308
297 260 269 313 314 325 312 309
306 263 273 313 312 320 306 322
328 258 245 323 299 324 297 312
314 264 277 314 321 309 322 311
324 277 263 298 318 318 318 312
333 263 267 324 312 319 315 309
325 257 264 307 316 311 311 307
302 261 268 294 307 327 316 279
313 248 263 315 331 331 291 304
308 250 269 315 313 327 297 303
305 259 264 318 294 327 293 313
310 260 261 326 305 321 307 307
292 256 259 305 303 329 291 311
304 240 259 307 335 296 285 321
303 257 267 284 332 308 310 322
304 252 281 298 333 302 318 319
305 246 268 297 315 318 313 315
309 266 275 277 321 314 312 315
323 244 280 299 340 299 311 316
335 253 284 305 338 296 292 287
304 247 250 286 300 320 289 329
317 260 279 293 321 305 299 323
310 257 268 298 325 310 300 321
295 258 260 303 323 297 319 323
292 255 253 309 318 314 330 315
301 264 276 309 320 323 328 321
286 265 266 321 298 312 314 311
307 260 265 314 305 303 320 326
281 251 253 323 322 308 331 308
320 252 263 303 313 332 310 294
298 243 261 300 318 327 322 281
295 259 260 316 315 327 306 285
293 248 260 330 301 307 324 304
308 255 266 328 314 319 319 293
288 251 269 315 306 329 313 295
307 258 275 325 315 315 324 284
285 248 248 324 324 310 322 294
306 245 281 310 317 322 311 274
329 241 287 277 340 299 297 284
292 259 269 314 326 328 296 278
332 261 284 284 342 327 314 287
300 236 264 313 341 307 315 284
294 265 284 318 310 328 306 273
325 266 278 292 316 309 322 288
291 266 299 309 294 323 298 290
309 277 264 305 287 304 324 330
285 261 290 291 282 290 313 325
336 265 290 301 301 321 300 310
335 255 276 300 289 312 287 319
338 234 280 310 284 298 294 297
321 252 296 291 312 317 298 309
340 258 262 283 307 305 310 293
329 260 279 285 303 294 324 312
339 255 273 275 304 301 307 288
329 266 293 282 304 295 318 307
335 253 271 309 303 277 308 288
334 258 269 306 295 304 306 293
305 263 257 289 289 285 303 328
308 272 279 291 288 282 316 323
329 238 283 292 272 294 298 321
326 272 283 282 326 309 307 289
329 269 278 283 319 314 299 279
329 265 279 280 306 311 309 288
311 264 285 292 316 295 301 321
308 263 281 279 316 306 314 323
312 253 300 288 294 296 299 310
308 253 273 275 324 288 294 330
296 252 265 276 298 292 279 334
278 256 264 296 297 300 300 338
293 251 260 296 295 293 312 329
319 249 261 279 317 305 291 324
271 250 276 287 293 308 307 323
305 232 269 293 298 294 311 323
306 234 289 288 282 275 299 323
288 239 291 303 289 289 305 324
300 261 264 284 311 303 303 328
273 241 284 304 315 296 292 323
285 261 286 298 314 295 339 302
293 259 289 299 313 300 325 310
296 278 270 308 310 282 331 309
292 250 292 287 315 292 345 308
299 260 285 307 315 291 329 310
287 271 272 285 315 280 321 328
282 255 285 291 313 307 341 304
301 252 265 284 344 280 318 332
320 270 304 283 320 300 337 289
326 269 287 314 320 302 310 318
300 267 274 279 339 311 312 329
313 264 272 295 332 304 309 322
320 272 285 287 332 303 310 318
309 282 292 302 316 286 308 304
310 272 289 298 320 285 326 300
311 268 280 297 326 298 324 303
311 280 286 293 329 284 312 318
310 272 288 291 317 289 328 306
325 275 277 292 317 284 314 318
303 262 294 299 318 287 323 303
310 271 286 301 313 294 323 302
321 254 287 273 329 285 306 316
317 251 296 290 327 290 305 313
316 259 294 305 323 313 317 300
315 271 271 278 335 281 324 303
329 266 289 294 310 286 310 308
318 268 299 291 328 278 302 310
309 276 297 273 325 297 308 306
320 269 297 279 326 300 318 303
276 258 298 294 329 271 335 303
291 284 291 297 332 268 316 314
300 245 302 299 323 290 322 304
287 258 288 296 331 290 324 312
298 256 287 267 308 293 313 326
294 264 295 279 314 305 300 318
296 267 290 276 298 283 293 331
298 258 286 272 315 277 306 342
302 252 307 281 317 273 298 306
298 261 287 293 304 292 294 325
288 248 283 274 333 299 312 330
293 265 297 295 323 278 306 310
298 262 305 285 306 284 310 310
294 259 274 285 329 309 311 318
296 254 309 280 312 297 298 308
283 266 291 281 328 301 318 317
308 258 293 284 309 274 296 334
293 251 311 289 311 274 309 320
285 276 284 300 314 278 313 316
288 271 280 300 327 279 310 333
298 260 286 317 317 293 311 312
290 268 280 300 326 291 323 334
298 267 291 319 310 288 308 319
297 253 293 302 314 278 316 319
308 261 271 311 319 292 318 321
310 261 277 311 331 287 330 335
281 263 295 324 319 285 304 315
283 264 266 310 311 295 305 324
301 285 280 310 318 272 303 318
298 264 264 320 312 295 309 323
298 253 294 301 332 289 322 332
285 260 264 291 317 298 308 325
303 277 289 307 310 292 299 318
315 253 271 322 324 291 312 314
289 271 284 303 313 284 314 323
282 268 263 312 312 309 312 323
292 257 278 320 337 287 317 320
305 278 276 314 308 291 320 320
293 271 296 306 332 281 324 324
286 269 318 295 301 288 320 298
294 277 311 291 319 284 317 292
293 285 305 285 316 285 314 293
299 273 312 301 315 284 300 293
298 301 279 305 298 274 318 270
287 300 295 298 309 272 310 284
291 304 282 282 313 282 316 277
303 291 291 291 307 269 317 302
301 298 289 314 308 271 302 294
287 296 303 302 308 283 311 285
287 287 303 285 299 264 318 288
280 264 311 282 298 284 320 300
315 260 299 284 322 282 328 267
300 272 295 312 313 272 324 276
298 287 303 304 313 280 320 281
313 286 291 290 320 278 326 285
286 283 312 293 327 263 297 285
301 293 287 302 294 274 336 283
278 293 305 297 301 288 330 276
302 291 296 307 302 275 324 287
304 284 303 291 301 282 290 291
285 285 303 293 304 279 290 298
280 268 314 282 303 265 329 275
287 266 315 275 317 281 310 268
287 282 312 275 322 271 319 265
300 272 306 314 304 285 289 306
281 249 295 304 287 292 313 329
295 261 304 308 311 301 293 312
309 274 277 321 301 282 336 299
299 263 297 294 310 301 337 306
317 270 277 314 288 288 341 290
313 255 298 291 319 297 329 282
304 252 288 323 306 291 319 283
305 253 283 326 307 279 322 281
277 239 290 328 309 294 310 300
302 265 265 326 293 284 333 327
301 258 287 321 298 276 314 294
309 268 280 332 309 286 307 294
290 263 293 324 309 291 316 308
298 273 307 299 298 302 326 300
314 280 309 306 306 309 322 301
320 280 292 303 307 275 311 300
292 263 281 301 290 286 320 323
296 265 300 306 309 295 317 313
301 265 302 283 287 287 331 303
287 263 306 291 327 305 321 302
298 265 292 296 316 323 340 280
302 258 292 299 319 311 324 293
296 268 282 300 314 309 333 291
285 268 297 307 314 300 338 315
293 259 295 305 324 308 337 300
290 272 294 304 314 319 317 303
287 271 278 286 337 269 337 293
298 273 272 294 343 291 341 285
319 292 282 317 324 282 332 308
310 286 291 309 322 278 327 296
309 284 291 307 314 288 321 300
320 284 288 303 323 294 335 292
309 280 296 310 330 295 344 296
311 283 293 296 320 308 347 303
313 294 281 297 316 286 329 294
324 293 288 311 321 316 333 288
308 296 289 302 331 303 326 285
300 292 294 293 337 276 336 305
292 289 281 300 323 299 343 303
301 290 281 298 316 304 329 293
281 300 277 301 328 300 318 308
296 282 302 296 323 307 334 306
302 276 304 284 326 301 336 299
303 285 290 298 322 284 320 302
302 283 285 293 344 285 343 277
297 286 282 278 333 285 333 300
302 292 301 295 340 282 320 291
288 296 293 290 339 283 310 289
296 285 290 291 347 298 333 287
312 276 285 287 330 291 334 285
296 291 286 294 351 279 323 298
306 294 301 292 345 289 326 285
303 260 290 269 345 296 321 297
292 274 300 287 348 309 312 310
309 280 295 282 348 299 319 291
311 265 283 279 341 289 316 298
319 273 296 293 342 306 300 302
307 281 290 281 340 292 309 295
302 274 287 287 343 297 317 287
319 271 294 287 330 298 322 288
304 292 274 318 341 297 314 300
287 307 284 317 341 293 322 298
299 289 280 301 328 268 310 304
295 301 280 299 327 285 306 297
318 284 279 302 336 283 312 298
305 279 280 306 331 281 318 299
287 314 283 316 322 296 314 306
298 293 284 307 325 275 306 302
283 307 276 309 330 291 334 292
298 295 288 300 326 276 308 315
305 291 278 303 331 290 315 308
295 296 282 312 330 295 301 299
298 283 274 282 340 288 317 316
289 292 285 294 322 292 315 302
300 279 294 284 327 294 296 313
297 294 279 288 329 307 290 317
302 280 291 284 340 295 326 315
302 296 279 288 333 285 303 302
312 282 291 292 341 305 299 305
297 294 279 294 346 304 321 298
320 300 288 287 325 309 330 317
315 289 280 288 335 306 309 305
307 289 286 295 353 308 311 303
315 299 288 285 330 302 309 295
297 289 280 302 349 297 306 300
312 284 285 292 338 298 316 303
305 300 272 304 329 304 318 315
291 297 285 292 335 284 305 300
325 277 310 288 322 315 313 305
325 282 296 288 325 316 325 303
308 281 273 315 337 317 327 290
299 293 281 312 345 313 323 301
287 291 286 304 322 326 321 294
321 268 289 309 339 326 323 313
303 293 290 316 332 305 303 307
308 282 286 308 332 304 314 297
315 275 307 315 324 309 321 305
309 284 290 312 321 305 325 304
315 278 289 307 335 299 305 295
310 276 286 305 324 308 315 298
304 288 291 304 308 313 324 288
312 284 280 304 318 322 329 301
314 279 291 305 316 319 325 301
316 277 295 299 350 326 313 308
324 283 289 296 340 315 312 306
308 293 300 289 335 326 325 311
299 269 278 307 329 319 311 287
301 278 286 299 322 306 308 292
300 276 282 306 326 307 312 299
305 269 269 307 323 284 332 308
320 268 275 312 347 308 344 310
317 268 291 295 323 296 313 305
303 282 282 305 363 303 326 296
313 297 278 315 348 306 333 304
308 270 288 305 343 295 320 306
299 288 302 313 357 315 331 308
316 271 281 304 340 289 308 288
294 278 292 287 358 300 331 289
308 281 282 296 337 290 317 299
303 280 282 305 350 299 330 321
300 268 294 301 334 299 321 291
306 271 284 312 344 299 323 284
321 270 274 285 336 297 332 284
323 274 273 285 329 299 336 299
312 279 281 298 342 300 330 287
300 265 289 303 341 293 327 298
283 274 295 314 322 291 306 312
298 268 292 298 322 295 312 314
306 267 298 307 317 294 321 309
288 269 286 308 324 301 326 311
291 267 297 290 330 283 321 316
306 273 299 293 323 309 317 316
309 290 302 297 319 298 324 317
289 278 299 290 329 287 329 311
321 275 280 294 319 298 319 317
291 275 286 297 328 303 326 316
309 290 279 310 326 299 307 315
313 287 289 291 329 299 327 316
289 278 310 294 330 312 311 321
296 280 300 293 326 290 302 310
296 270 268 295 341 320 320 324
298 279 274 289 328 313 307 332
288 259 285 324 319 307 297 297
322 266 277 308 331 294 321 292
312 262 285 286 337 294 304 327
299 279 279 327 339 309 301 312
300 247 273 313 339 287 323 311
293 275 284 302 312 311 311 309
303 273 282 294 328 304 307 320
323 269 279 299 340 315 306 301
308 275 286 318 333 287 304 300
313 264 284 312 331 299 307 302
305 278 286 317 323 290 307 303
311 281 288 308 333 298 303 309
305 266 291 306 346 294 314 315
309 261 296 312 340 297 307 310
300 261 298 308 326 298 307 313
300 266 289 302 340 317 306 312
294 265 277 309 342 291 309 314
300 277 291 305 326 304 293 307
309 271 283 302 333 291 305 296
305 262 290 310 338 299 311 304
305 268 279 322 336 298 301 298
293 272 273 310 333 296 301 317
295 264 290 308 335 296 311 314
315 255 280 321 347 305 308 308
310 277 298 302 331 308 304 313
298 274 285 304 334 309 297 309
296 283 269 326 303 279 334 306
316 274 272 311 336 281 304 311
312 271 274 313 324 288 313 320
296 274 280 308 334 275 308 320
305 268 264 317 337 289 305 323
309 289 268 309 322 291 322 315
300 280 276 322 326 284 309 308
308 278 276 317 318 291 318 309
301 278 266 303 320 291 331 315
310 279 271 319 315 283 313 305
285 266 284 324 321 296 330 292
304 271 288 313 315 293 332 304
297 275 280 326 321 290 317 303
293 276 281 321 328 324 341 310
278 274 283 327 327 308 350 300
318 286 286 324 316 308 330 298
288 269 269 313 332 305 335 287
311 274 285 320 328 313 322 316
305 289 278 330 318 303 315 307
298 277 284 319 325 301 330 292
328 276 298 318 309 323 338 322
292 292 276 328 334 300 307 323
286 280 265 319 349 290 316 320
284 286 276 326 337 293 307 331
283 258 259 310 333 285 312 321
283 272 259 307 335 293 321 312
282 278 255 318 315 293 317 320
294 276 260 314 322 290 312 311
291 268 264 314 324 293 328 316
279 279 261 311 329 282 332 310
299 281 252 310 321 292 316 318
296 286 265 323 326 274 332 307
292 278 266 317 337 279 323 294
282 288 267 316 335 288 317 309
297 263 276 315 328 279 328 310
301 270 273 317 337 289 325 313
295 284 266 306 340 292 316 310
292 264 267 337 334 280 309 289
289 282 281 317 332 290 328 300
304 268 268 329 327 294 308 303
300 282 283 323 320 295 315 296
280 268 283 312 331 274 318 311
286 293 277 322 335 285 340 298
293 276 281 327 322 294 328 308
286 254 279 322 328 290 319 299
292 274 289 315 329 288 321 301
284 261 275 322 323 297 327 300
304 283 270 319 330 296 315 295
266 271 285 317 330 287 349 311
284 262 286 314 333 301 319 319
293 281 293 310 327 288 315 313
282 288 277 311 318 286 311 311
287 274 294 311 323 298 310 313
293 275 286 319 328 307 305 299
290 279 265 318 329 312 312 307
285 284 278 316 325 286 306 301
300 277 286 321 325 299 310 308
285 272 278 325 310 300 318 322
289 283 290 307 316 300 325 312
287 260 274 322 336 306 317 298
296 276 273 310 310 303 321 316
296 272 285 291 312 296 330 309
282 272 278 294 314 305 321 317
297 281 273 290 334 288 313 312
285 259 269 292 323 309 328 312
269 291 283 291 334 289 326 307
284 283 289 284 327 286 332 301
298 285 271 300 317 290 335 299
278 299 277 290 341 272 317 315
274 281 260 296 327 301 343 307
287 292 290 296 322 269 319 288
308 288 288 311 322 272 326 281
293 296 278 316 315 281 321 280
286 299 287 311 317 277 313 286
277 291 284 306 317 270 335 271
290 296 281 305 315 277 323 284
308 295 279 299 322 273 329 284
280 295 301 304 313 265 336 292
292 276 286 325 306 277 317 284
295 278 286 303 305 267 333 300
298 285 272 305 313 283 336 286
298 272 263 311 314 264 334 296
285 274 287 319 312 290 319 264
278 275 289 319 315 285 320 260
280 302 293 288 310 281 315 261
284 306 287 303 311 294 329 279
284 274 283 319 324 284 331 256
301 285 278 302 312 290 334 281
295 275 271 294 328 304 334 275
285 269 308 295 321 294 344 270
282 241 264 307 321 291 347 289
276 296 274 328 315 283 335 300
290 277 270 329 321 276 318 287
272 272 282 330 311 292 332 292
294 284 276 320 321 276 321 291
281 273 276 325 322 283 342 303
278 274 278 329 326 296 317 283
286 255 289 329 308 285 314 283
289 255 281 329 320 294 321 285
286 274 262 327 335 271 323 272
284 284 265 309 313 290 335 278
282 279 273 327 320 286 322 303
277 266 263 329 325 298 315 283
284 263 289 315 316 291 325 294
287 271 288 307 304 283 354 295
275 285 270 329 306 298 322 274
271 286 277 317 321 314 331 276
278 295 277 322 324 302 322 277
279 290 290 295 322 274 336 293
267 281 275 311 309 297 356 294
273 266 293 311 335 284 339 285
257 285 269 296 344 303 335 275
281 265 289 334 307 313 336 295
299 274 276 310 327 310 338 275
282 273 279 319 330 292 327 263
293 256 287 322 338 280 339 282
284 262 278 319 330 291 327 278
283 287 269 316 332 313 335 279
293 286 251 317 309 286 335 294
285 274 252 316 316 294 343 298
287 269 253 328 309 300 331 308
274 290 288 300 317 284 324 290
277 293 277 316 314 286 327 293
293 266 292 299 346 311 288 311
286 272 287 290 332 306 296 309
305 261 302 288 335 288 285 298
309 265 297 289 329 319 295 306
294 254 260 279 334 274 292 335
329 255 291 286 338 272 299 316
292 255 300 290 332 265 301 312
309 255 287 279 345 288 295 310
306 269 278 293 340 272 300 314
309 263 276 284 338 283 301 328
313 274 284 301 331 285 297 303
313 268 294 274 339 273 297 309
279 275 290 301 342 281 295 310
302 276 290 301 339 284 276 295
310 267 300 292 344 284 287 310
294 277 289 310 315 279 279 316
291 269 295 306 320 282 297 310
287 278 303 294 338 287 282 296
309 288 283 291 344 272 306 294
288 291 283 291 330 254 292 310
311 277 303 293 339 281 303 302
297 288 281 295 326 277 281 313
297 269 291 276 328 285 290 316
294 267 279 287 342 297 298 324
304 271 274 289 341 298 296 313
287 267 303 281 336 274 299 305
314 290 303 289 353 306 320 285
316 302 295 321 360 318 307 285
308 272 293 292 355 293 296 289
306 281 296 286 340 302 300 291
306 276 296 296 350 299 298 275
300 290 311 296 350 311 295 275
303 290 294 302 340 301 297 289
317 291 292 299 328 313 308 290
279 298 291 308 323 325 313 278
288 291 281 313 323 302 314 287
290 291 287 314 330 306 310 283
287 280 292 314 326 321 305 300
302 300 285 304 324 309 313 285
274 281 292 306 327 318 302 295
298 301 301 308 339 287 291 310
311 279 298 297 329 322 305 286
309 277 300 306 325 307 299 273
310 275 303 313 336 302 311 282
304 273 311 301 337 313 295 287
305 282 298 311 331 317 322 290
301 302 306 323 347 296 307 291
290 308 304 299 332 290 305 275
301 280 294 318 342 293 320 272
309 304 305 297 327 294 301 282
303 286 294 312 336 293 301 292
298 286 293 302 320 323 324 283
302 281 279 326 333 289 303 284
304 288 286 309 335 279 303 287
300 281 290 314 332 286 308 290
306 269 297 296 348 266 290 276
286 271 284 330 319 284 287 265
303 266 301 307 341 277 283 285
302 275 292 319 329 278 299 291
287 282 299 317 332 276 300 301
270 265 305 297 329 278 319 285
282 261 297 318 324 308 323 281
290 290 284 307 337 286 335 290
299 290 319 296 340 270 306 267
302 289 313 290 347 284 313 286
294 291 298 293 316 282 324 282
301 284 284 305 338 272 320 263
301 285 302 296 326 300 312 264
322 296 294 292 334 290 313 269
306 280 290 296 334 295 325 264
304 291 288 292 344 293 315 273
292 257 311 289 324 296 325 276
313 272 306 294 330 286 312 274
309 275 285 292 345 279 315 278
313 274 284 303 340 280 312 276
305 275 302 307 324 293 328 273
310 288 308 300 337 291 313 285
299 266 311 300 324 285 313 262
295 278 303 299 317 304 320 286
301 254 300 294 339 274 327 283
295 290 286 301 328 288 308 301
283 282 304 283 340 292 312 295
280 280 305 289 336 269 318 288
308 258 285 323 333 294 304 263
312 260 280 332 330 293 309 286
313 283 309 308 308 305 315 300
273 271 295 315 343 275 325 285
278 291 289 325 313 297 299 291
285 288 289 331 323 290 310 269
288 284 287 319 312 290 306 299
282 282 293 315 317 292 304 298
286 282 294 326 300 282 302 263
290 274 299 317 303 289 309 285
290 293 279 331 320 300 299 287
285 289 307 323 314 293 306 277
315 277 303 324 310 277 312 288
307 279 289 319 314 280 310 293
289 268 287 325 317 310 331 284
283 269 284 322 332 294 319 275
284 256 286 342 323 289 305 280
293 260 296 319 313 286 320 277
294 262 283 320 320 316 315 267
286 283 306 313 310 296 319 264
293 297 307 319 315 298 317 274
296 269 303 307 312 285 327 278
290 274 294 319 305 306 322 275
288 293 302 313 312 307 313 292
314 276 292 315 329 282 321 283
302 294 297 314 326 282 306 290
295 289 286 317 328 295 315 287
295 285 301 316 336 282 326 289
295 281 282 316 330 289 319 287
305 280 294 324 325 297 311 287
316 282 294 313 320 289 317 284
282 285 287 332 327 291 302 302
298 285 291 322 321 301 292 296
289 283 282 330 319 301 296 294
307 266 296 297 348 297 294 292
299 263 294 316 327 317 294 299
303 274 289 302 345 308 303 290
305 269 304 309 335 311 299 286
306 275 301 329 335 317 292 303
302 266 287 310 325 321 307 290
312 278 287 321 335 295 290 293
292 272 294 305 322 330 295 301
286 265 287 328 334 300 312 279
307 278 293 307 346 294 317 290
300 261 285 312 347 294 324 286
309 280 293 311 332 294 301 286
308 272 280 313 334 303 318 279
295 264 282 326 346 300 319 287
322 260 277 324 340 299 308 290
299 254 309 281 313 282 324 278
324 265 299 305 338 304 298 306
309 287 299 292 323 267 304 303
323 264 318 291 331 314 299 305
311 287 298 299 311 303 322 289
312 278 300 291 329 308 314 287
305 282 313 290 330 310 310 287
298 280 311 314 318 301 303 288
303 265 302 299 325 302 317 278
300 259 311 301 316 273 317 297
295 265 309 300 326 285 304 287
303 265 303 288 329 283 302 292
319 276 309 313 329 305 314 281
315 263 301 294 336 299 288 287
307 274 306 296 327 293 304 282
309 290 304 289 329 290 302 291
319 277 296 298 336 289 301 283
306 274 308 306 329 289 289 302
310 272 300 288 340 292 303 314
301 277 316 296 329 294 306 299
312 277 295 302 324 270 310 305
293 273 277 267 312 303 287 329
290 286 284 271 301 274 347 304
285 279 278 290 313 274 334 307
286 285 275 281 318 302 332 315
293 284 283 269 324 286 337 305
291 278 289 299 310 304 337 309
281 302 296 292 295 289 312 282
285 299 302 294 308 299 300 299
290 293 284 297 314 291 304 298
273 293 292 292 308 292 315 299
285 267 285 279 282 286 342 321
298 298 302 287 313 314 306 319
293 279 307 299 313 309 316 306
302 279 295 290 308 308 301 313
289 271 282 296 300 294 293 330
276 280 270 292 305 302 313 320
287 283 288 280 308 304 302 328
282 294 279 292 319 294 299 312
299 283 293 299 308 276 295 321
299 285 280 285 311 281 312 329
294 288 264 300 315 279 306 317
295 303 277 280 317 284 311 290
293 273 306 281 304 297 316 308
291 277 299 290 287 286 300 321
289 270 304 274 302 279 327 311
303 273 298 284 299 296 319 326
281 263 288 292 298 295 313 324
298 273 305 272 309 308 310 311
304 297 283 298 311 284 332 297
292 293 292 312 306 297 321 310
276 283 277 302 308 296 317 319
304 292 289 288 303 275 316 317
284 283 287 302 314 295 338 308
291 301 275 296 302 289 315 295
293 298 286 289 307 285 328 288
309 297 303 320 286 286 321 305
282 289 284 299 320 278 324 305
285 281 297 300 292 288 321 312
287 296 293 315 317 276 298 305
303 279 291 300 311 299 308 307
299 295 289 308 313 281 296 301
286 296 282 291 316 273 319 304
304 288 290 302 302 284 319 301
287 308 285 297 306 303 322 305
291 288 294 316 305 296 329 303
318 247 304 315 306 310 280 291
303 259 285 308 296 331 270 293
324 243 269 290 325 330 272 295
339 264 262 288 293 296 282 318
315 245 248 280 287 340 280 297
339 239 251 306 297 302 265 296
332 278 263 270 292 317 271 285
290 245 264 277 292 341 270 303
330 257 302 287 298 293 271 287
334 269 268 290 306 276 268 317
320 259 267 302 317 332 270 287
312 263 295 297 311 291 271 314
324 236 286 284 342 301 284 297
322 251 301 281 289 284 266 316
303 229 271 285 295 297 268 329
312 261 276 280 315 273 276 328
312 263 287 274 277 295 289 326
323 247 271 278 286 304 267 327
285 253 269 292 305 301 280 334
324 260 278 297 298 285 278 327
294 248 268 282 302 306 253 339
316 264 279 318 358 299 309 273
283 287 289 304 366 323 298 267
300 276 298 295 349 303 300 265
296 305 252 286 314 287 297 298
300 303 268 289 326 290 310 280
289 310 268 299 341 284 306 292
296 309 256 298 311 280 294 284
307 306 257 275 309 256 312 286
293 304 262 301 323 278 302 304
294 309 275 278 330 278 305 272
290 292 282 308 348 278 278 287
287 298 266 291 346 280 308 281
282 274 274 304 347 281 334 286
315 277 272 302 320 318 328 272
306 284 277 279 342 311 330 290
299 253 272 316 335 297 327 267
294 282 256 299 298 279 339 277
286 261 262 339 327 292 314 266
284 277 270 322 338 300 317 276
281 274 251 323 331 297 320 296
289 301 265 314 335 290 329 257
308 296 257 312 330 313 333 297
301 275 267 303 331 310 322 293
282 266 252 319 336 293 320 281
281 286 265 308 303 318 316 281
318 269 256 293 333 282 321 290
296 256 258 316 343 296 316 287
315 276 268 310 342 299 305 303
307 271 268 316 341 286 301 305
296 296 270 304 354 293 309 303
295 298 272 291 333 314 304 292
309 280 242 289 326 304 313 319
295 292 253 297 333 289 309 306
321 288 269 267 319 297 312 303
299 290 261 295 351 298 306 304
295 281 257 305 342 306 319 317
298 297 276 295 333 307 291 308
308 302 258 306 329 288 292 287
315 278 288 299 349 291 295 290
303 296 271 294 355 267 313 308
312 287 282 291 337 286 288 305
309 277 258 293 346 265 297 318
311 302 274 285 336 279 293 302
304 276 267 307 340 276 296 309
308 264 266 304 350 290 287 308
308 270 270 303 341 270 274 309
311 255 247 312 349 300 267 302
314 276 284 304 344 301 286 292
327 273 262 297 335 302 279 288
316 278 261 313 343 283 291 322
307 277 275 303 348 313 304 303
322 287 285 270 325 313 313 297
313 286 270 277 343 313 308 289
310 272 287 278 351 311 312 280
314 281 282 280 330 319 304 284
307 266 282 305 347 303 295 288
322 281 281 301 355 337 315 306
311 274 270 307 338 322 289 299
315 280 272 289 348 315 296 310
314 299 277 292 332 314 288 294
326 286 273 305 337 279 301 274
329 274 269 288 336 295 296 290
317 276 272 290 334 289 316 295
329 270 281 293 337 286 305 287
327 293 264 284 352 306 298 283
318 286 280 298 348 296 302 311
316 278 275 276 335 303 327 290
323 253 269 297 345 292 286 292
317 277 268 290 342 289 300 316
320 257 283 291 346 302 283 289
325 274 262 287 354 287 286 295
312 283 268 274 342 283 297 316
321 261 264 293 348 307 307 314
315 266 276 277 357 305 285 286
334 267 248 270 340 276 272 279
301 258 261 286 351 283 302 323
308 298 266 317 324 274 321 285
294 298 260 310 330 284 319 305
288 282 258 318 331 275 315 297
290 292 237 319 317 287 320 285
284 290 253 318 346 278 301 301
276 279 246 334 334 298 309 291
292 275 264 315 363 307 283 292
281 267 258 317 342 318 322 289
286 269 254 328 346 305 278 301
281 281 276 321 322 288 317 269
281 301 269 316 330 296 316 285
290 307 275 317 324 314 316 282
292 276 269 333 328 295 309 282
287 292 263 318 329 311 318 292
322 281 285 313 339 293 317 273
296 300 278 305 325 297 311 280
286 314 279 306 328 287 293 263
284 297 282 324 337 280 277 286
324 295 275 308 323 307 303 262
305 288 283 310 332 296 281 286
326 281 273 308 331 308 290 263
306 311 271 287 342 312 299 270
287 298 274 297 343 308 313 298
302 293 281 301 351 299 294 288
313 298 267 306 344 311 307 304
319 301 276 292 340 307 302 273
307 304 266 295 338 297 311 267
288 291 282 295 336 314 303 292
299 275 282 312 333 323 310 267
311 262 278 313 343 307 314 273
319 291 280 297 339 319 308 282
312 293 269 303 338 326 308 290
312 292 277 332 358 324 314 298
320 263 248 320 329 329 312 287
294 279 288 325 348 287 308 274
303 295 277 323 353 300 310 272
300 284 278 318 336 295 309 275
296 299 274 311 345 289 320 265
306 284 279 308 333 302 309 265
295 304 278 301 347 274 297 261
288 264 264 293 350 282 333 278
316 293 271 288 332 280 311 271
297 289 259 315 292 277 265 322
275 306 287 288 306 259 278 285
289 305 260 324 313 279 272 286
289 304 267 310 311 269 305 289
266 305 254 333 306 278 288 267
289 299 279 316 291 274 300 296
292 287 247 326 302 274 310 316
293 308 264 307 294 268 317 300
294 284 243 306 292 272 323 316
277 294 261 332 317 292 301 309
282 266 273 335 323 283 317 308
279 272 284 308 292 269 297 324
292 287 264 345 312 276 319 315
290 271 280 329 321 262 306 297
284 290 281 301 311 273 298 310
288 274 271 315 307 278 296 324
297 253 241 339 278 307 272 291
274 301 290 279 289 253 302 292
289 301 284 286 291 261 325 292
272 284 286 298 301 270 340 272
284 306 261 298 289 272 325 286
275 281 299 296 303 267 335 303
286 295 268 295 303 270 337 278
273 276 280 345 311 289 325 269
280 262 281 323 323 271 328 264
274 282 257 335 294 291 311 270
275 297 254 326 317 287 322 279
282 273 257 334 320 284 328 277
268 291 267 308 295 283 341 273
260 265 272 328 335 286 323 260
262 271 299 319 293 291 311 286
266 246 289 319 317 280 320 273
269 280 285 327 295 273 321 304
280 258 285 318 321 270 326 286
286 275 277 333 293 280 319 298
277 272 276 343 267 287 276 277
265 277 276 322 298 287 322 299
280 273 276 327 299 295 335 295
279 275 263 330 312 270 322 285
273 262 256 335 301 294 304 305
283 282 266 326 319 273 341 297
280 256 261 335 293 290 307 306
285 249 260 330 279 292 318 289
288 253 272 322 292 274 344 280
302 281 271 322 286 268 328 302
297 275 254 324 297 277 326 316
262 262 262 313 312 296 320 319
265 284 266 315 308 290 329 308
276 308 280 313 333 263 310 275
262 295 258 328 322 279 308 290
286 282 277 288 338 256 328 309
270 273 297 302 320 256 337 279
280 274 300 325 311 267 303 285
279 273 265 313 314 274 329 311
284 283 269 306 325 271 319 310
279 293 281 298 314 265 326 296
273 279 282 325 325 274 332 316
275 292 298 306 304 276 307 306
260 291 291 302 344 270 340 286
257 266 297 297 299 279 299 331
272 244 286 298 303 281 323 327
292 271 247 298 270 285 281 335
302 269 239 298 285 283 294 335
285 271 244 316 298 308 299 326
289 247 233 322 304 309 303 312
267 253 247 329 285 303 327 310
298 263 249 321 282 288 297 322
279 244 259 322 275 288 331 297
279 285 277 292 275 282 335 309
263 253 268 338 292 307 309 320
280 254 272 289 305 268 331 324
271 274 280 281 292 277 317 324
288 274 262 300 299 269 297 332
285 260 256 293 307 264 294 336
276 251 249 268 284 272 297 344
294 247 270 318 311 273 299 321
283 227 263 277 293 276 285 337
285 287 259 269 316 269 279 327
300 302 269 283 286 268 283 322
280 254 316 268 311 267 310 273
298 242 319 264 306 272 307 271
283 264 306 258 298 289 323 302
262 256 292 285 323 300 321 314
272 279 309 276 315 267 323 280
256 239 308 262 274 276 328 276
265 271 304 285 316 292 323 259
299 225 297 257 307 288 277 326
279 242 264 273 358 272 295 300
269 265 290 282 340 261 334 275
267 258 273 294 350 286 337 274
258 274 303 270 332 262 326 283
264 285 271 285 364 276 284 284
274 254 300 255 321 277 295 327
280 231 265 282 323 276 339 313
